 1.00000000e+00  4.00000000e-01  0.00000000e+00  1.00000000e+00  4.00000000e-01  2.98576966e-07  1.00000000e+00  4.00000000e-01 -2.98576966e-07 
 1.25892541e+00  4.00000000e-01  0.00000000e+00  1.25892541e+00  4.00000000e-01  3.75886130e-07  1.25892541e+00  4.00000000e-01 -3.75886130e-07 
 1.58489319e+00  4.00000000e-01  4.23516474e-22  1.58489319e+00  4.00000000e-01  4.73212601e-07  1.58489319e+00  4.00000000e-01 -4.73212601e-07 
 1.99526231e+00  4.00000000e-01  4.23516474e-22  1.99526231e+00  4.00000000e-01  5.95739368e-07  1.99526231e+00  4.00000000e-01 -5.95739368e-07 
 2.51188643e+00  4.00000000e-01  4.23516474e-22  2.51188643e+00  4.00000000e-01  7.49991429e-07  2.51188643e+00  4.00000000e-01 -7.49991429e-07 
 3.16227766e+00  4.00000000e-01  4.23516474e-22  3.16227766e+00  4.00000000e-01  9.44183269e-07  3.16227766e+00  4.00000000e-01 -9.44183269e-07 
 3.98107171e+00  4.00000000e-01  8.47032947e-22  3.98107171e+00  4.00000000e-01  1.18865631e-06  3.98107171e+00  4.00000000e-01 -1.18865631e-06 
 5.01187234e+00  4.00000000e-01  8.47032947e-22  5.01187234e+00  4.00000000e-01  1.49642963e-06  5.01187234e+00  4.00000000e-01 -1.49642963e-06 
 6.30957344e+00  4.00000000e-01  1.69406589e-21  6.30957344e+00  4.00000000e-01  1.88389329e-06  6.30957344e+00  4.00000000e-01 -1.88389329e-06 
 7.94328235e+00  4.00000000e-01  0.00000000e+00  7.94328235e+00  4.00000000e-01  2.37168114e-06  7.94328235e+00  4.00000000e-01 -2.37168114e-06 
 1.00000000e+01  4.00000000e-01  1.69406589e-21  1.00000000e+01  4.00000000e-01  2.98576966e-06  1.00000000e+01  4.00000000e-01 -2.98576966e-06 
 1.25892541e+01  4.00000000e-01  0.00000000e+00  1.25892541e+01  4.00000000e-01  3.75886129e-06  1.25892541e+01  4.00000000e-01 -3.75886129e-06 
 1.58489319e+01  4.00000000e-01  3.38813179e-21  1.58489319e+01  4.00000000e-01  4.73212599e-06  1.58489319e+01  4.00000000e-01 -4.73212600e-06 
 1.99526231e+01  4.00000000e-01  3.38813179e-21  1.99526231e+01  4.00000000e-01  5.95739366e-06  1.99526231e+01  4.00000000e-01 -5.95739367e-06 
 2.51188643e+01  4.00000000e-01  1.01643954e-20  2.51188643e+01  4.00000001e-01  7.49991425e-06  2.51188643e+01  4.00000000e-01 -7.49991427e-06 
 3.16227766e+01  4.00000000e-01  6.77626358e-21  3.16227766e+01  4.00000001e-01  9.44183260e-06  3.16227766e+01  3.99999999e-01 -9.44183265e-06 
 3.98107171e+01  4.00000000e-01  1.35525272e-20  3.98107171e+01  4.00000001e-01  1.18865629e-05  3.98107171e+01  3.99999999e-01 -1.18865630e-05 
 5.01187234e+01  4.00000000e-01  6.77626358e-21  5.01187234e+01  4.00000002e-01  1.49642960e-05  5.01187234e+01  3.99999999e-01 -1.49642962e-05 
 6.30957344e+01  4.00000000e-01  2.71050543e-20  6.30957344e+01  4.00000004e-01  1.88389323e-05  6.30957344e+01  3.99999998e-01 -1.88389326e-05 
 7.94328235e+01  4.00000000e-01  2.71050543e-20  7.94328235e+01  4.00000006e-01  2.37168101e-05  7.94328235e+01  3.99999996e-01 -2.37168108e-05 
 1.00000000e+02  4.00000000e-01  2.71050543e-20  1.00000000e+02  4.00000009e-01  2.98576939e-05  1.00000000e+02  3.99999994e-01 -2.98576954e-05 
 1.25892541e+02  4.00000000e-01  0.00000000e+00  1.25892541e+02  4.00000014e-01  3.75886077e-05  1.25892541e+02  3.99999991e-01 -3.75886106e-05 
 1.58489319e+02  4.00000000e-01  2.71050543e-20  1.58489319e+02  4.00000022e-01  4.73212495e-05  1.58489319e+02  3.99999985e-01 -4.73212553e-05 
 1.99526231e+02  4.00000000e-01  2.71050543e-20  1.99526231e+02  4.00000035e-01  5.95739157e-05  1.99526231e+02  3.99999976e-01 -5.95739274e-05 
 2.51188643e+02  4.00000000e-01  0.00000000e+00  2.51188643e+02  4.00000056e-01  7.49991007e-05  2.51188643e+02  3.99999963e-01 -7.49991242e-05 
 3.16227766e+02  4.00000000e-01  5.42101086e-20  3.16227766e+02  4.00000089e-01  9.44182427e-05  3.16227766e+02  3.99999941e-01 -9.44182895e-05 
 3.98107171e+02  4.00000000e-01  1.62630326e-19  3.98107171e+02  4.00000141e-01  1.18865463e-04  3.98107171e+02  3.99999906e-01 -1.18865556e-04 
 5.01187234e+02  4.00000000e-01  0.00000000e+00  5.01187234e+02  4.00000224e-01  1.49642628e-04  5.01187234e+02  3.99999851e-01 -1.49642815e-04 
 6.30957344e+02  4.00000000e-01  1.08420217e-19  6.30957344e+02  4.00000355e-01  1.88388661e-04  6.30957344e+02  3.99999763e-01 -1.88389032e-04 
 7.94328235e+02  4.00000000e-01  1.08420217e-19  7.94328235e+02  4.00000562e-01  2.37166780e-04  7.94328235e+02  3.99999625e-01 -2.37167521e-04 
 1.00000000e+03  4.00000000e-01  2.16840434e-19  1.00000000e+03  4.00000891e-01  2.98574304e-04  1.00000000e+03  3.99999406e-01 -2.98575783e-04 
 1.25892541e+03  4.00000000e-01  2.16840434e-19  1.25892541e+03  4.00001413e-01  3.75880819e-04  1.25892541e+03  3.99999058e-01 -3.75883769e-04 
 1.58489319e+03  4.00000000e-01  4.33680869e-19  1.58489319e+03  4.00002239e-01  4.73202004e-04  1.58489319e+03  3.99998507e-01 -4.73207891e-04 
 1.99526231e+03  4.00000000e-01  4.33680869e-19  1.99526231e+03  4.00003549e-01  5.95718226e-04  1.99526231e+03  3.99997634e-01 -5.95729971e-04 
 2.51188643e+03  4.00000000e-01  0.00000000e+00  2.51188643e+03  4.00005625e-01  7.49949245e-04  2.51188643e+03  3.99996250e-01 -7.49972680e-04 
 3.16227766e+03  4.00000000e-01  0.00000000e+00  3.16227766e+03  4.00008914e-01  9.44099104e-04  3.16227766e+03  3.99994057e-01 -9.44145860e-04 
 3.98107171e+03  4.00000000e-01  8.67361738e-19  3.98107171e+03  4.00014127e-01  1.18848839e-03  3.98107171e+03  3.99990581e-01 -1.18858167e-03 
 5.01187234e+03  4.00000000e-01  8.67361738e-19  5.01187234e+03  4.00022388e-01  1.49609461e-03  5.01187234e+03  3.99985073e-01 -1.49628072e-03 
 6.30957344e+03  4.00000000e-01  1.73472348e-18  6.30957344e+03  4.00035478e-01  1.88322493e-03  6.30957344e+03  3.99976343e-01 -1.88359618e-03 
 7.94328235e+03  4.00000000e-01  1.73472348e-18  7.94328235e+03  4.00056217e-01  2.37034785e-03  7.94328235e+03  3.99962510e-01 -2.37108838e-03 
 1.00000000e+04  4.00000000e-01  5.20417043e-18  1.00000000e+04  4.00089069e-01  2.98311027e-03  1.00000000e+04  3.99940591e-01 -2.98458712e-03 
 1.25892541e+04  4.00000000e-01  3.46944695e-18  1.25892541e+04  4.00141091e-01  3.75355788e-03  1.25892541e+04  3.99905866e-01 -3.75650237e-03 
 1.58489319e+04  4.00000000e-01  0.00000000e+00  1.58489319e+04  4.00223430e-01  4.72155302e-03  1.58489319e+04  3.99850862e-01 -4.72742106e-03 
 1.99526231e+04  4.00000000e-01  3.46944695e-18  1.99526231e+04  4.00353650e-01  5.93632534e-03  1.99526231e+04  3.99763769e-01 -5.94801154e-03 
 2.51188643e+04  4.00000000e-01  6.93889390e-18  2.51188643e+04  4.00559341e-01  7.45796420e-03  2.51188643e+04  3.99625944e-01 -7.48121169e-03 
 3.16227766e+04  4.00000000e-01  6.93889390e-18  3.16227766e+04  4.00883605e-01  9.35840419e-03  3.16227766e+04  3.99408024e-01 -9.40457044e-03 
 3.98107171e+04  4.00000000e-01  0.00000000e+00  3.98107171e+04  4.01393219e-01  1.17209573e-02  3.98107171e+04  3.99063942e-01 -1.18123864e-02 
 5.01187234e+04  4.00000000e-01  6.93889390e-18  5.01187234e+04  4.02190255e-01  1.46365401e-02  5.01187234e+04  3.98521844e-01 -1.48168325e-02 
 6.30957344e+04  4.00000000e-01  1.38777878e-17  6.30957344e+04  4.03427413e-01  1.81932449e-02  6.30957344e+04  3.97670705e-01 -1.85463901e-02 
 7.94328235e+04  4.00000000e-01  1.38777878e-17  7.94328235e+04  4.05325329e-01  2.24538133e-02  7.94328235e+04  3.96341545e-01 -2.31383655e-02 
 1.00000000e+05  4.00000000e-01  1.38777878e-17  1.00000000e+05  4.08185131e-01  2.74138051e-02  1.00000000e+05  3.94283291e-01 -2.87197781e-02 
 1.25892541e+05  4.00000000e-01  2.77555756e-17  1.25892541e+05  4.12379880e-01  3.29351877e-02  1.25892541e+05  3.91137188e-01 -3.53676742e-02 
 1.58489319e+05  4.00000000e-01  0.00000000e+00  1.58489319e+05  4.18295992e-01  3.86633661e-02  1.58489319e+05  3.86422606e-01 -4.30379307e-02 
 1.99526231e+05  4.00000000e-01  5.55111512e-17  1.99526231e+05  4.26194109e-01  4.39690749e-02  1.99526231e+05  3.79563247e-01 -5.14572844e-02 
 2.51188643e+05  4.00000000e-01  8.32667268e-17  2.51188643e+05  4.35999473e-01  4.79998464e-02  2.51188643e+05  3.70000549e-01 -5.99995886e-02 
 3.16227766e+05  4.00000000e-01  8.32667268e-17  3.16227766e+05  4.47131404e-01  4.99176437e-02  3.16227766e+05  3.57433369e-01 -6.76245264e-02 
 3.98107171e+05  4.00000000e-01  5.55111512e-17  3.98107171e+05  4.58556160e-01  4.92624819e-02  3.98107171e+05  3.42140011e-01 -7.30152040e-02 
 5.01187234e+05  4.00000000e-01  0.00000000e+00  5.01187234e+05  4.69129149e-01  4.61960569e-02  5.01187234e+05  3.25178731e-01 -7.49997870e-02 
 6.30957344e+05  4.00000000e-01  5.55111512e-17  6.30957344e+05  4.78017407e-01  4.14128590e-02  6.30957344e+05  3.08199148e-01 -7.30939900e-02 
 7.94328235e+05  4.00000000e-01  2.77555756e-17  7.94328235e+05  4.84905367e-01  3.57996553e-02  7.94328235e+05  2.92857843e-01 -6.77634246e-02 
 1.00000000e+06  4.00000000e-01  2.77555756e-17  1.00000000e+06  4.89914089e-01  3.01142080e-02  1.00000000e+06  2.80228878e-01 -6.01709787e-02 
 1.25892541e+06  4.00000000e-01  2.77555756e-17  1.25892541e+06  4.93390195e-01  2.48453420e-02  1.25892541e+06  2.70605605e-01 -5.16357419e-02 
 1.58489319e+06  4.00000000e-01  1.38777878e-17  1.58489319e+06  4.95725220e-01  2.02287978e-02  1.58489319e+06  2.63695564e-01 -4.32060884e-02 
 1.99526231e+06  4.00000000e-01  1.38777878e-17  1.99526231e+06  4.97259564e-01  1.63258581e-02  1.99526231e+06  2.58942638e-01 -3.55165453e-02 
 2.51188643e+06  4.00000000e-01  1.38777878e-17  2.51188643e+06  4.98253236e-01  1.31005812e-02  2.51188643e+06  2.55769358e-01 -2.88464581e-02 
 3.16227766e+06  4.00000000e-01  6.93889390e-18  3.16227766e+06  4.98890716e-01  1.04736780e-02  3.16227766e+06  2.53692633e-01 -2.32434802e-02 
 3.98107171e+06  4.00000000e-01  0.00000000e+00  3.98107171e+06  4.99297212e-01  8.35373614e-03  3.98107171e+06  2.52351255e-01 -1.86322250e-02 
 5.01187234e+06  4.00000000e-01  6.93889390e-18  5.01187234e+06  4.99555418e-01  6.65286327e-03  5.01187234e+06  2.51492173e-01 -1.48862155e-02 
 6.30957344e+06  4.00000000e-01  3.46944695e-18  6.30957344e+06  4.99719026e-01  5.29324175e-03  6.30957344e+06  2.50944967e-01 -1.18681111e-02 
 7.94328235e+06  4.00000000e-01  6.93889390e-18  7.94328235e+06  4.99822534e-01  4.20893567e-03  7.94328235e+06  2.50597623e-01 -9.44914396e-03 
 1.00000000e+07  4.00000000e-01  3.46944695e-18  1.00000000e+07  4.99887953e-01  3.34546748e-03  1.00000000e+07  2.50377630e-01 -7.51677392e-03 
 1.25892541e+07  4.00000000e-01  3.46944695e-18  1.25892541e+07  4.99929274e-01  2.65849857e-03  1.25892541e+07  2.50238490e-01 -5.97633824e-03 
 1.58489319e+07  4.00000000e-01  3.46944695e-18  1.58489319e+07  4.99955363e-01  2.11227180e-03  1.58489319e+07  2.50150565e-01 -4.74996126e-03 
 1.99526231e+07  4.00000000e-01  1.73472348e-18  1.99526231e+07  4.99971831e-01  1.67811356e-03  1.99526231e+07  2.50095036e-01 -3.77442652e-03 
 2.51188643e+07  4.00000000e-01  8.67361738e-19  2.51188643e+07  4.99982225e-01  1.33311157e-03  2.51188643e+07  2.50059977e-01 -2.99883472e-03 
 3.16227766e+07  4.00000000e-01  0.00000000e+00  3.16227766e+07  4.99988784e-01  1.05899763e-03  3.16227766e+07  2.50037849e-01 -2.38241064e-03 
 3.98107171e+07  4.00000000e-01  8.67361738e-19  3.98107171e+07  4.99992923e-01  8.41226535e-04  3.98107171e+07  2.50023883e-01 -1.89259228e-03 
 5.01187234e+07  4.00000000e-01  4.33680869e-19  5.01187234e+07  4.99995535e-01  6.68227441e-04  5.01187234e+07  2.50015070e-01 -1.50342782e-03 
 6.30957344e+07  4.00000000e-01  4.33680869e-19  6.30957344e+07  4.99997182e-01  5.30800671e-04  6.30957344e+07  2.50009509e-01 -1.19425945e-03 
 7.94328235e+07  4.00000000e-01  4.33680869e-19  7.94328235e+07  4.99998222e-01  4.21634344e-04  7.94328235e+07  2.50006000e-01 -9.48656192e-04 
 1.00000000e+08  4.00000000e-01  2.16840434e-19  1.00000000e+08  4.99998878e-01  3.34918261e-04  1.00000000e+08  2.50003786e-01 -7.53555522e-04 
 1.25892541e+08  4.00000000e-01  2.16840434e-19  1.25892541e+08  4.99999292e-01  2.66036133e-04  1.25892541e+08  2.50002389e-01 -5.98576003e-04 
 1.58489319e+08  4.00000000e-01  2.16840434e-19  1.58489319e+08  4.99999553e-01  2.11320564e-04  1.58489319e+08  2.50001507e-01 -4.75468614e-04 
 1.99526231e+08  4.00000000e-01  2.16840434e-19  1.99526231e+08  4.99999718e-01  1.67858167e-04  1.99526231e+08  2.50000951e-01 -3.77679545e-04 
 2.51188643e+08  4.00000000e-01  2.16840434e-19  2.51188643e+08  4.99999822e-01  1.33334620e-04  2.51188643e+08  2.50000600e-01 -3.00002228e-04 
 3.16227766e+08  4.00000000e-01  1.08420217e-19  3.16227766e+08  4.99999888e-01  1.05911523e-04  3.16227766e+08  2.50000379e-01 -2.38300592e-04 
 3.98107171e+08  4.00000000e-01  1.08420217e-19  3.98107171e+08  4.99999929e-01  8.41285478e-05  3.98107171e+08  2.50000239e-01 -1.89289065e-04 
 5.01187234e+08  4.00000000e-01  1.08420217e-19  5.01187234e+08  4.99999955e-01  6.68256983e-05  5.01187234e+08  2.50000151e-01 -1.50357737e-04 
 6.30957344e+08  4.00000000e-01  5.42101086e-20  6.30957344e+08  4.99999972e-01  5.30815477e-05  6.30957344e+08  2.50000095e-01 -1.19433440e-04 
 7.94328235e+08  4.00000000e-01  5.42101086e-20  7.94328235e+08  4.99999982e-01  4.21641765e-05  7.94328235e+08  2.50000060e-01 -9.48693760e-05 
 1.00000000e+09  4.00000000e-01  5.42101086e-20  1.00000000e+09  4.99999989e-01  3.34921981e-05  1.00000000e+09  2.50000038e-01 -7.53574351e-05 
